4294967278,107
4294967278,97
4294967278,86
4294967278,76
4294967278,71
4294967278,772
4294967278,69
4294967278,60
4294967278,42
4294967278,39
4294967278,37
4294967278,30
4294967278,29
4294967278,27
4294967279,118
4294967279,108
4294967279,98
4294967279,70
4294967279,64
4294967279,471
4294967279,60
4294967279,44
4294967279,43
4294967279,412
4294967279,32
4294967279,31
4294967279,30
4294967279,29
4294967279,27
4294967279,18
4294967279,17
4294967279,16
4294967279,454
4294967278,824
4294967279,400
4294967279,138
4294967278,359
4294967279,223
4294967278,248
725,6
725,5
725,4
725,3
725,2
725,1
4294967279,395
4294967294,1370
4294967294,441
4294967294,114
4294967294,115
4294967278,321
4294967279,134
4294967279,257
4294967279,222
724,7
724,6
4294967279,226
724,5
4294967278,224
724,4
4294967279,224
724,3
724,2
724,1
4294967278,222
4294967279,465
4294967278,219
4294967278,380
4294967279,481
4294967279,280
4294967278,213
4294967279,214
4294967279,157
4294967279,213
4294967278,372
723,6
723,5
723,4
723,3
723,2
723,1
4294967278,379
4294967279,209
4294967279,510
4294967294,387
4294967294,496
4294967279,204
4294967278,202
4294967279,203
722,5
722,4
722,3
722,2
722,1
4294967278,358
4294967278,356
4294967278,817
4294967279,251
4294967278,355
4294967294,396
4294967294,908
4294967294,1357
4294967294,912
4294967294,385
4294967294,421
4294967294,179
4294967294,954
4294967294,425
4294967294,415
4294967294,411
4294967278,192
4294967278,346
4294967279,193
4294967278,191
721,5
721,4
721,3
721,2
721,1
4294967278,805
4294967278,354
526,3
4294967279,416
4294967278,182
4294967278,181
720,5
4294967279,180
720,4
720,3
720,2
720,1
4294967278,247
4294967278,798
4294967279,449
4294967278,813
656,3
4294967279,439
4294967278,171
4294967278,796
4294967278,170
4294967279,170
4294967278,168
719,5
719,4
719,3
719,2
719,1
4294967278,337
4294967294,1484
4294967294,1479
4294967294,1497
4294967279,301
4294967278,378
516,3
4294967279,52
4294967278,51
4294967278,336
4294967294,1481
4294967279,50
4294967278,49
4294967278,161
4294967278,251
4294967279,162
4294967278,160
4294967279,160
4294967278,156
4294967278,158
718,5
4294967279,159
718,4
718,3
718,2
718,1
4294967294,926
4294967294,477
4294967279,483
4294967278,306
4294967278,151
4294967279,151
4294967278,150
4294967278,243
4294967279,150
4294967278,149
4294967278,148
4294967278,145
4294967278,304
717,5
4294967279,147
717,4
4294967278,146
717,3
717,2
717,1
4294967293,131
4294967293,130
4294967293,129
4294967293,128
4294967293,127
4294967293,126
4294967293,125
4294967293,124
4294967293,123
4294967293,122
4294967293,121
4294967293,120
4294967293,119
4294967293,118
4294967293,117
4294967293,116
4294967293,115
4294967293,114
4294967293,113
4294967293,112
4294967293,111
4294967293,110
4294967293,109
4294967293,108
4294967293,107
4294967293,106
4294967293,105
4294967293,104
4294967293,103
4294967293,102
4294967293,101
4294967293,100
4294967293,99
4294967293,98
4294967293,97
4294967293,96
4294967293,95
4294967293,94
4294967293,93
4294967293,92
4294967293,91
4294967293,90
4294967293,89
4294967293,87
4294967293,86
4294967293,85
4294967293,84
4294967293,83
4294967293,82
4294967293,81
4294967293,80
4294967293,79
4294967293,78
4294967293,77
4294967293,76
4294967293,75
4294967293,74
4294967293,73
4294967293,72
4294967293,71
4294967293,70
4294967293,69
4294967293,68
4294967293,67
4294967293,66
4294967293,65
4294967293,64
4294967293,63
4294967293,62
4294967293,61
4294967293,60
4294967293,59
4294967293,58
4294967293,57
4294967293,56
4294967293,55
4294967293,54
4294967293,53
4294967293,52
4294967293,51
4294967293,50
4294967293,49
4294967293,48
4294967293,47
4294967293,46
4294967293,45
4294967293,44
4294967293,43
4294967293,42
4294967293,41
4294967293,40
4294967293,39
4294967293,38
4294967293,37
4294967293,36
4294967293,35
4294967293,34
4294967293,33
4294967293,32
4294967293,31
4294967293,30
4294967293,29
4294967293,28
4294967293,27
4294967293,26
4294967293,25
4294967293,24
4294967293,23
4294967293,22
4294967293,21
4294967293,20
4294967293,19
4294967293,18
4294967293,17
4294967293,16
4294967293,15
4294967293,14
4294967293,13
4294967293,12
4294967293,11
4294967293,10
4294967293,9
4294967293,8
4294967293,7
4294967293,6
4294967293,5
4294967293,4
4294967293,3
4294967278,363
4294967278,125
4294967278,291
4294967278,123
4294967278,117
4294967278,115
4294967278,112
4294967278,289
4294967278,110
4294967278,109
4294967278,104
4294967278,98
4294967278,93
4294967278,91
4294967278,83
4294967278,81
4294967278,79
4294967278,72
4294967278,70
4294967278,68
4294967278,65
4294967278,61
4294967278,59
4294967278,58
4294967278,275
4294967278,284
4294967278,55
4294967278,319
4294967278,50
4294967278,48
4294967278,45
4294967278,318
4294967278,43
4294967278,41
4294967278,40
4294967278,38
4294967278,235
4294967278,34
4294967278,316
4294967278,233
4294967278,25
4294967278,23
4294967278,18
4294967278,16
4294967278,13
4294967278,8
4294967278,6
4294967278,295
4294967278,4
4294967279,314
4294967279,131
4294967279,128
4294967279,126
4294967279,125
4294967279,123
4294967279,221
4294967279,219
4294967279,116
4294967279,113
4294967279,303
4294967279,110
4294967279,105
4294967279,103
4294967279,94
4294967279,477
4294967279,87
4294967279,302
4294967279,457
4294967279,84
4294967279,82
4294967279,81
4294967279,76
4294967279,418
4294967279,71
4294967279,496
4294967279,509
4294967279,447
4294967279,61
4294967279,495
4294967279,493
4294967279,55
4294967279,508
4294967279,51
4294967279,470
4294967279,304
4294967279,474
4294967279,45
4294967279,459
4294967279,42
4294967279,41
4294967279,40
4294967279,39
4294967279,311
4294967279,37
4294967279,473
4294967279,452
4294967279,34
4294967279,28
4294967279,310
4294967279,25
4294967279,299
4294967279,23
4294967279,318
4294967279,19
4294967279,490
4294967279,308
4294967279,14
4294967279,13
4294967279,7
4294967279,488
4294967279,487
4294967278,806
4294967294,430
4294967294,1356
4294967294,915
4294967294,909
4294967278,352
4294967278,31
4294967278,784
4294967278,174
4294967279,507
4294967279,142
4294967278,141
4294967279,141
4294967278,28
4294967278,140
4294967278,303
4294967279,140
4294967278,139
4294967279,506
4294967278,26
4294967278,300
4294967278,276
4294967279,137
4294967278,136
716,5
716,4
4294967278,135
716,3
716,2
716,1
4294967278,782
4294967278,21
4294967279,21
4294967278,20
4294967278,281
4294967279,20
4294967278,351
4294967278,19
4294967279,274
4294967278,270
4294967279,273
4294967279,403
4294967278,269
4294967278,258
4294967279,272
715,5
4294967279,269
715,4
715,3
715,2
715,1
4294967278,350
4294967279,287
4294967294,186
4294967294,958
4294967294,426
4294967278,131
4294967294,925
4294967294,1473
4294967279,501
4294967278,10
4294967278,239
4294967279,298
4294967278,9
4294967278,383
4294967279,264
4294967278,780
4294967294,417
4294967294,506
4294967279,8
4294967279,263
4294967279,277
4294967278,259
4294967278,814
4294967279,262
4294967279,5
4294967279,387
714,5
714,4
4294967278,778
714,3
714,2
714,1
4294967278,328
4294967279,426
4294967279,500
4294967278,129
4294967278,237
630,3
4294967278,317
4294967279,505
4294967278,231
4294967279,413
4294967278,294
4294967279,411
4294967279,127
4294967278,126
4294967278,293
4294967278,811
4294967279,255
4294967278,250
713,5
713,4
4294967278,252
713,3
713,2
713,1
4294967278,312
4294967279,250
4294967279,120
4294967279,476
4294967278,119
633,3
622,3
620,3
595,3
4294967294,484
4294967279,305
4294967279,174
4294967294,1365
4294967294,1364
4294967294,1373
4294967294,1525
4294967294,1529
4294967294,389
4294967294,1527
4294967294,120
4294967294,1496
4294967279,242
4294967279,399
4294967278,116
4294967278,240
4294967278,310
543,3
4294967279,240
4294967279,502
4294967279,115
4294967278,114
4294967278,215
633,4
543,4
4294967278,234
712,8
4294967279,234
712,7
4294967278,232
712,6
4294967279,232
712,5
4294967278,230
712,4
712,3
712,2
712,1
4294967294,1531
4294967294,490
4294967294,489
4294967294,488
4294967294,1396
4294967278,322
4294967279,107
4294967278,223
4294967278,349
4294967279,450
4294967278,105
4294967278,221
4294967294,1492
4294967294,1491
4294967279,499
4294967279,104
4294967278,103
4294967278,342
711,8
711,7
711,6
4294967294,480
4294967294,1404
4294967279,102
4294967279,480
4294967278,101
4294967278,320
4294967278,212
4294967279,453
4294967278,211
711,5
4294967279,212
711,4
4294967278,210
711,3
711,2
711,1
4294967279,211
0,7
4294967294,1362
4294967294,5
4294967278,80
4294967294,81
4294967294,50
4294967294,1377
4294967294,956
4294967294,1389
4294967294,1518
4294967294,1400
4294967279,424
4294967279,423
4294967278,95
4294967294,22
666,3
4294967278,348
4294967294,491
4294967294,1476
592,3
585,3
4294967294,1524
4294967294,485
562,3
4294967294,1522
4294967294,17
4294967294,67
4294967294,99
4294967294,76
4294967294,1521
4294967294,483
4294967294,982
4294967278,88
4294967279,95
4294967279,215
4294967279,0
4294967278,217
4294967294,1387
4294967294,1532
4294967294,42
4294967294,38
4294967294,37
4294967294,36
4294967294,1483
4294967294,39
4294967294,1394
4294967294,388
4294967294,1395
4294967294,1391
4294967294,46
4294967294,1406
4294967294,45
4294967294,1534
4294967294,44
4294967294,43
4294967294,1533
4294967294,1501
4294967294,53
4294967294,52
4294967294,1399
4294967294,51
4294967294,1367
4294967294,1392
4294967294,29
4294967294,28
4294967294,27
4294967294,1360
4294967294,26
4294967294,25
4294967294,92
4294967294,91
4294967294,90
4294967294,88
4294967294,87
4294967294,86
4294967294,85
4294967294,84
4294967294,1512
4294967294,1366
4294967294,82
0,5
4294967279,93
4294967294,1372
4294967294,1368
4294967294,2
4294967294,0
4294967294,1359
4294967279,497
4294967294,1407
4294967294,7
4294967278,204
4294967294,1397
4294967278,347
4294967278,0
4294967278,92
4294967294,1398
4294967294,6
539,3
4294967294,1
4294967294,94
4294967294,96
4294967294,1386
4294967294,93
4294967294,1511
4294967294,95
4294967278,203
4294967294,9
4294967278,789
4294967294,8
4294967294,1401
4294967294,83
710,323
710,478
710,71
710,364
710,357
710,477
710,395
710,363
710,356
592,149
710,99
710,476
710,475
710,474
710,198
710,473
710,362
592,148
710,208
710,472
539,472
710,471
710,361
710,244
710,470
710,394
710,469
539,469
592,147
710,468
710,360
710,209
710,359
710,349
710,467
539,467
710,358
710,351
710,466
710,324
710,465
592,146
710,464
539,464
710,463
710,350
710,462
710,393
710,229
592,145
710,461
539,461
710,460
710,459
539,459
710,348
710,458
710,355
710,346
710,354
710,347
710,392
592,144
710,353
710,457
710,207
710,456
539,456
710,391
710,455
710,218
710,352
710,337
710,454
592,143
710,453
539,453
710,452
710,451
710,450
539,450
592,142
710,390
710,343
710,24
710,449
710,389
710,220
710,388
710,0
710,448
539,448
710,322
710,342
710,319
710,318
592,141
710,317
539,317
710,316
539,316
710,335
710,315
710,314
539,314
592,140
710,313
710,336
710,312
710,387
710,311
710,310
539,310
592,139
710,329
710,309
710,386
710,117
710,87
710,308
710,345
710,326
710,307
539,307
710,344
710,86
710,306
539,306
592,138
710,305
539,305
710,385
710,210
710,328
710,330
710,304
710,341
710,303
539,303
592,137
710,302
539,302
710,340
710,240
666,4
710,301
539,301
710,384
710,300
710,339
710,252
710,199
710,299
710,338
592,136
710,298
539,298
710,239
710,297
539,297
710,296
710,321
710,295
539,295
592,135
710,294
710,249
710,293
710,292
710,334
592,134
710,194
710,291
539,291
710,333
710,113
710,332
710,290
710,331
710,104
710,320
710,245
710,119
710,289
710,288
539,288
710,251
592,133
710,287
710,327
710,126
710,286
710,285
539,285
710,227
710,284
710,325
710,200
592,132
710,283
710,282
539,282
710,73
710,281
710,280
710,195
592,131
710,279
710,230
710,278
539,278
710,277
539,277
592,130
710,276
539,276
710,228
710,275
539,275
710,255
710,120
710,274
710,254
710,121
710,253
710,82
710,273
539,273
592,129
710,272
539,272
710,223
710,250
710,216
710,248
710,271
710,118
710,247
710,108
710,246
710,35
710,212
710,270
592,128
710,269
539,269
710,34
710,268
710,243
710,242
710,115
710,241
710,109
710,267
539,267
710,103
710,101
710,266
539,266
710,238
710,80
710,237
592,82
710,112
710,236
710,78
710,265
710,235
710,102
710,264
710,234
710,70
710,263
539,263
710,233
710,111
710,232
710,262
539,262
710,38
592,81
710,231
710,211
710,52
710,29
710,214
710,205
710,261
710,226
710,225
710,105
710,36
710,260
539,260
710,259
592,80
710,258
539,258
710,257
710,224
710,81
710,206
710,256
710,191
539,191
592,75
710,222
710,190
539,190
710,48
710,221
710,107
710,189
710,219
710,188
710,98
592,74
710,187
539,187
710,217
710,45
710,196
710,186
710,215
710,185
710,184
539,184
592,71
710,201
710,213
710,183
710,182
710,123
710,197
710,181
592,70
710,180
710,40
710,41
710,179
710,178
710,192
592,66
710,177
710,176
710,204
710,122
710,203
710,202
710,75
710,175
710,174
592,61
710,173
710,172
710,171
539,1
710,124
592,57
710,170
539,170
710,100
710,96
710,169
539,169
710,168
539,168
592,56
710,167
710,116
710,110
710,166
539,166
710,165
539,165
710,62
710,193
710,164
592,54
710,114
710,163
539,163
710,127
710,162
710,161
539,161
592,51
710,160
710,159
539,159
710,158
539,158
710,125
710,77
710,106
710,157
592,50
710,156
710,155
539,155
710,92
710,97
710,154
592,49
710,153
539,153
710,152
539,152
710,23
710,151
539,151
710,95
710,150
539,150
592,47
710,149
539,149
710,148
539,148
710,94
710,147
539,147
710,37
710,89
710,146
539,146
592,45
710,145
539,145
710,144
539,144
710,93
710,143
539,143
592,42
710,142
539,142
710,141
539,141
710,140
539,140
592,41
710,139
539,139
710,138
539,138
710,137
539,137
710,91
710,136
539,136
592,36
710,69
710,135
539,135
710,134
539,134
710,66
710,133
539,133
592,34
710,132
539,132
710,131
539,131
710,63
710,130
539,130
710,53
710,74
592,31
710,129
539,129
710,128
539,128
710,90
539,90
710,88
710,61
710,85
539,85
592,30
710,84
539,84
710,83
539,83
710,79
539,79
592,29
710,76
539,76
710,56
710,72
539,72
710,68
539,68
710,51
592,24
710,67
539,67
710,47
710,65
539,65
710,64
539,64
539,59
710,43
592,21
710,60
710,8
710,59
710,58
710,57
710,55
710,13
592,16
710,54
710,15
710,50
710,14
710,49
710,46
710,11
710,44
710,42
710,7
710,5
592,15
710,39
710,33
710,10
710,9
710,6
710,32
710,31
710,30
710,28
710,27
592,12
710,26
710,25
710,12
710,22
592,11
710,21
710,20
710,19
710,18
592,10
710,17
710,16
585,4
592,9
4294967278,201
4294967278,193
4294967279,201
4294967279,200
4294967278,197
4294967279,196
710,4
4294967278,194
710,3
710,2
710,1
4294967279,195
4294967294,486
4294967279,79
4294967279,461
4294967279,472
4294967278,78
4294967278,360
4294967279,78
4294967279,455
4294967278,77
4294967278,807
4294967279,77
4294967279,288
4294967279,190
4294967294,1490
4294967294,495
4294967294,1472
4294967278,188
4294967278,286
4294967279,189
4294967279,286
4294967278,783
4294967279,188
539,473
709,65
539,471
709,64
539,470
709,46
709,42
539,468
539,466
539,465
709,45
539,463
539,462
539,460
709,44
539,458
539,457
539,455
539,454
709,43
539,452
539,451
709,27
539,449
539,315
709,41
539,318
539,319
538,40
709,40
539,309
539,312
539,313
709,39
539,311
539,308
709,38
538,37
539,304
709,37
539,300
539,293
539,294
709,36
709,35
539,299
538,34
539,296
709,34
539,280
539,281
539,283
539,284
709,33
539,286
539,287
539,289
539,290
539,292
709,32
709,31
709,30
539,279
709,28
539,274
709,29
709,19
539,261
539,264
539,265
539,268
709,26
539,270
539,271
709,25
538,24
709,24
709,23
539,185
539,186
539,188
539,189
539,256
539,257
539,259
709,22
709,21
538,18
539,167
709,20
709,14
709,18
539,162
539,164
539,160
709,17
539,157
539,156
539,154
709,16
709,15
709,13
709,5
709,12
709,11
709,10
709,9
709,8
709,7
709,6
4294967278,369
4294967278,345
4294967279,73
4294967279,186
4294967278,184
4294967279,183
4294967279,185
4294967278,183
709,4
4294967279,184
709,3
709,2
709,1
4294967279,498
4294967279,69
4294967279,388
4294967279,68
4294967279,285
4294967278,67
4294967279,67
4294967278,66
4294967279,66
4294967294,1379
4294967278,64
4294967278,177
4294967279,178
4294967279,177
4294967278,773
4294967279,175
708,5
4294967278,172
708,4
4294967279,173
708,3
708,2
708,1
4294967279,59
4294967279,494
4294967279,58
4294967279,49
4294967278,57
4294967279,57
4294967279,504
4294967278,56
4294967279,56
4294967279,168
4294967279,54
4294967279,167
4294967279,166
4294967279,165
4294967278,163
4294967279,164
707,5
4294967278,162
707,4
4294967279,163
707,3
707,2
707,1
4294967279,48
4294967279,38
4294967278,47
4294967279,47
4294967278,46
4294967279,46
4294967278,157
4294967278,44
4294967279,156
4294967279,492
4294967279,155
4294967278,791
4294967279,153
4294967279,152
706,5
706,4
706,3
706,2
706,1
4294967279,278
4294967278,36
4294967279,36
4294967278,35
4294967278,344
4294967279,35
4294967279,146
4294967278,33
4294967279,33
4294967279,145
4294967278,32
4294967279,451
705,5
705,4
705,3
705,2
705,1
4294967279,468
4294967279,491
4294967279,26
4294967278,24
4294967278,309
4294967279,24
4294967278,22
4294967279,22
704,5
704,4
704,3
704,2
704,1
4294967279,408
4294967278,343
4294967278,341
4294967278,14
4294967279,227
4294967278,12
4294967278,280
4294967278,277
4294967279,267
4294967279,489
4294967279,12
4294967278,11
4294967278,330
4294967279,11
703,5
703,4
703,3
703,2
703,1
4294967279,6
4294967278,314
4294967279,4
4294967278,132
4294967279,132
4294967278,298
4294967279,384
4294967294,923
4294967278,130
4294967278,297
4294967279,130
4294967279,319
4294967278,128
702,6
4294967278,292
702,5
4294967279,316
702,4
702,3
702,2
702,1
4294967278,340
4294967278,122
4294967294,1402
4294967279,122
4294967278,121
563,3
4294967279,121
4294967278,120
4294967278,325
4294967279,248
4294967278,777
4294967279,296
4294967278,118
4294967278,244
4294967278,776
4294967279,244
4294967278,242
4294967278,238
701,5
4294967279,238
701,4
4294967278,770
701,3
701,2
701,1
4294967278,339
4294967278,113
4294967294,482
4294967294,1403
4294967278,338
4294967279,112
4294967279,295
4294967278,111
4294967279,111
4294967279,230
4294967278,228
4294967279,294
4294967278,108
4294967278,226
4294967278,774
700,10
700,9
700,8
700,7
700,6
4294967278,220
4294967279,220
4294967278,214
4294967278,218
700,5
4294967279,218
700,4
4294967278,216
700,3
700,2
700,1
4294967278,102
4294967279,92
4294967279,101
4294967278,100
4294967278,287
4294967279,100
4294967278,99
4294967278,190
4294967278,209
4294967278,327
4294967278,822
4294967279,210
4294967278,208
4294967279,205
699,6
699,5
4294967278,205
699,4
4294967279,206
699,3
699,2
699,1
4294967279,309
4294967294,1482
4294967294,1480
4294967278,370
4294967279,485
4294967279,91
4294967279,80
4294967278,90
4294967278,810
4294967279,90
4294967279,291
4294967294,983
4294967278,89
4294967294,1505
4294967279,89
4294967278,800
4294967279,194
4294967278,821
4294967279,464
4294967279,199
698,13
698,31
698,30
698,29
698,20
698,28
698,27
698,26
698,17
698,25
698,24
698,23
698,14
698,22
698,9
698,21
698,19
698,18
698,10
698,16
698,15
698,12
698,11
698,5
698,8
698,7
698,6
698,4
698,3
698,2
698,1
697,26
697,25
697,24
697,23
697,9
697,22
697,21
697,10
697,20
697,14
697,19
697,13
697,18
697,17
697,16
697,15
697,12
697,11
697,5
697,8
697,7
697,6
697,4
697,3
697,2
697,1
4294967279,179
4294967279,172
696,5
696,4
696,3
696,2
696,1
4294967278,127
4294967278,124
4294967278,106
4294967278,829
4294967278,96
4294967278,94
4294967278,87
4294967278,826
4294967278,85
4294967278,84
4294967278,82
4294967278,75
4294967278,74
4294967278,73
4294967278,63
4294967278,62
4294967278,54
4294967278,52
4294967278,17
4294967278,15
4294967278,333
4294967278,7
4294967278,5
4294967279,428
4294967279,129
4294967279,124
4294967279,119
4294967279,117
4294967279,114
4294967279,109
4294967279,445
4294967279,106
4294967279,99
4294967279,511
4294967279,97
4294967279,96
4294967279,252
